$ANSIBLE_VAULT;1.1;AES256
66623261353738333562623336636361316161343238363837626361333661666539613761393235
3866623135366535343063623033633033656435353665640a323065316330393731363865356339
38336338386432626439623630303338313436366262633335386534363763323236353463656131
3765336463623363660a323330636265393134353565356435623163323037636230303137373161
66633231666138313662356530306536363165646165373663616461353264646431396262373431
38303562343636323563333137653135363566653061306663616230383735393439323736363561
63313439656533383635313433303433363538313132316565333363393236343635636531653665
61636638353464363336643739373361623333383136373935303830633137383730666232616462
63326337393138343966356531323265643462383565653435326361316261356434396231633563
63623232333839623733393836316565626238356636373034336131336263313665636638663261
39346662346437623166333162343435303533336537373864326463336232326566646263313036
31623534393735353266643965373162386163333535306231643932623335343737363437313431
62656465333062636433626666373864366361643234396466623331626666363039303239616337
62396233356431663435306235343566666266386661306431633839343434313733316639303637
37303837376434616662366333366535396162363961633539353964373932366162663834373930
63633737396537613861656231343065313662613131333164643861393130656135616163643233
32613663373063303262313131623361643134306232366130623366316663636239366664316466
36636664393063633638373237363634616331393039646431656366333836373265623266336636
31363337343735313939633238336564643362353830623065616339323737653065343362316133
61636336393662646638666634643739343564653932636532363836666466616536383430666638
61383931373332343365383638303938356339313231363966313937383666373834663539333438
32633966323934663537353333383064373038613364333335313930623232643266373030386137
34633537626164373936323330336332356365636364393833363430376436323438653632613330
34373061313261366232353135386565663763663332363662666138383965386630333766303132
33393533373165363630336538323930353337626436626631316261663061343231313265383465
34373265666463663032613735303431313662383438303661383262383035663565303934316135
62656232346133336263373766326538643337356363356531323430366130613133363237663738
38303032623133396162656436333030636631306362316262393139316163323564393764356233
38373530653231633834613335353063333236373563663632366164666265363838623233646137
33646366616238653561353733376332613837666633326534616231316466326439373061393132
64343731373935326136366164346137643638323265626430303161653866303135633637653137
64633132366130393961646137656162306665623438336131643031373736653530336239396630
36303331633364393834313735313933663631363431653035393662313262653132306438386663
61343564656630373061643830646237333736656334346633663934383231353538616636623862
61346563383038633232373938353236316634356637313564633331373966376261663966613032
39626536366166303534663138343431653264643366633934313138646637313062666431333664
61326339313162373537633261356263623464653565616538366563363532383361383535383939
33396634343463666462623562386564663366373563383261623066656261343663323139306132
61646164633733343039633464373530653963623735396436383064333764393061366533303435
63306537323334343731343165323834343036323332336439643133366261656535333033333933
33376439646264323234616663663136613434633662373335313539633932343966313166666433
32303464653238383135386166356461393638343835393339656463303137303366326338303365
65356562373230336336663564663933633164326337363732643765393832643134636365376461
62303832656463663435646531343762646162626664626262396134656234373438363832336433
66306161383062383633306562613266653432623866353761653333623139646337653062626235
30336635386335316430313034663137363934363362613936383739363936653563393139386361
61613630353632383962653662616361656339373136373931643966313163343463396138633435
64613430636637623366613733656434363232663365636231663962633865353663333364323634
64616463663961343534363636346536636666643962326538343538633031396361666133663731
30303631653236656133646162323765666339663637376163323530303339616531323338636637
65373533363434323763326662316635373266613261303038313639383665396333616532323131
32636435353936353538373637656565663432366563623033663039663634636438366463656237
64383663326436643264393831336164366135303639643565636666663232346361613363373266
34376664366231626365393761616238633337653935616637383030316330306437663566636137
31333730303562656666396535386235386532313361386562353535653237386434383065333338
32663661396138613731646366303130353237663366303034373237656336663131313032316233
36343765396131343464636139393734333733396432666338623734333766653364653530613039
62316236376430646534343263656539313366623036383834386465376137353263353032613666
30633939346330633337353931313163373134373866353165393032626364333835613862383166
30316466366637613939363064646466336138386462383030343063646437616366373462613734
61653535656532386539353066326131323031336339313530353334663661633535383031373661
32656532643831306466653231373839313666653861643238376263396263313139306365396230
37336135383030623564653335333337343934333135653766386633623662663935643530356361
33376339643131633934396666316139373166643237333330333365353439363862633634613133
30363661313134343462393032326638376664346564343035323735656561646561663538393534
33633663633437363862396539316561303763663961386138383738386362623166363964303231
33646565653166363731306665313931326563326532386665306435643532393530383165633865
63383062386263623931653332373363313936656234616333663030643866336139613531316362
34333039346431646364653262373330663438303135396365306531666261646633393465316237
34306233353566363465353666383938646231313237333538666236666264656132336564643064
36626365303734663432323036613032303532646166623535333539346263366237356638656436
30336630333930636266323137376162303566356236313161393335383164616164633037393733
30376366306434633536663934643636356464333361623030643265353361643331303866343131
32393661313363353533646662326537326236386165633665373438393864393164316561353330
33663934353139373666353363663362316230666163393032623439336239393934313962396266
31633537343632383062383765313063316133343664653833646461356437376532363235386538
62643232313162343962333964343764386233643866363739643462363637336665333538333964
65666237626532663535646433616139663137353939343339386533633239346636333934306632
63343235343034333137343661633532373236343132666235376534633935623038353933636431
66636662333930643333363739643131626561613539366534633237626162366363616331613462
66616533393536383061656139323965336330326239396537393264323763626530386632626333
63376532633635326436623864363563656437633632343062383432323566343266366331333839
33616634653430396533616536316361653533386166623666396432366536666538303835333563
63653834356362303665343937383266373134623937396539613363393834376638623064356366
32663066626234646331656330386330383438346264333934323164373432623330653438373431
62646262623035633832393236623335626638663935343531666561326363363161633733313133
36633931613136306334653731366465353737346264623232666237383335643135363234356463
36343338343139363731323438616236386562636262326464326365636331336532373831323764
38353135356666373630626638653061343738306239323035646561353532353063383961346134
35646561326363656135643939333461383138303338616263623864303832653564396236373332
39643365333161663636666663363738323661353935363364623132356232396634343133383264
37613834323335623934343337366662386231616137316462383435323639376135343366373530
32616437316563396633363362623232303139383062333866656136633661616439663566353439
64353862666130363535316637303233383332323837323465303437333336636561346435653366
62323939376231613966613164393937656564663766383438636439306461643738623739383465
30646563623236306536663032313539623563366662376561613738623731306236323832343939
34323435623262633939303164393365633461636234643534646161336163323966616134373030
38386134646365323938626235313439376238306464353533396561666334313565303638353633
39643833333932616239386636373461326232306333323634633036353634623737356636333133
33323336343765336661393338373539343561313962373332333262633138616666633535316563
61363965336463306233373032643731353662313861373337643563313336393862343531363833
36643333353131313864383663643365616235343739613036373136353864363263336238333634
39303433366635316434643762643030353064373165356264383461663630326636663337363062
35363166346530316136343435353935656366303166613138353437393133373830303034356462
66633261633963376462373966343939393265383365633131373164643032633665396533323532
64623761653432363161343632353362383839613631306265666562383365653665623363373365
39316363303266393234383665656161633738393435653131363038386433306232656430313433
61363738303037316237356332306638316231663839356638616166366463313233333864633163
64353533653730303966333363346366623762656236613062626231646161643735643962333233
34636264316362356432343337343265336261333332653333353131303861313531363234356465
34633765623439616538613131666434333565373866666436656339373537613138363735316363
36643662386330633438396565626463313332633437663830393035313332613437613937353462
31626236396566636137663439646565343865366266313466326532613561363035623530636633
63363037326130666231323264393738373838303635383066333737326138353439666330333737
31353861313235333036313932333739373732333833666365396333643737313031656436626561
64316637656437333439323764346435363531373534643363663462613131623966626233393636
36656663383664303735326464633764356233616264343365343332316137353561366163636664
61396363643834623033313366613330313030616132373934396435353834396364316363376165
35613136613565626332393230353237346661666362343936393036306637336630376562383362
31306435636661616436373338663961653030633433663738636362383564643761653332336162
62613730396163643438353835383034666135366535363636653833326561623463643530643539
34663861353465306566643665363061376537326434373538393662303639616666666133353936
33316662623664383463356139626234646331653433653834383464626435383062623661616537
61623634303530646562336432366661626164666239323164616237313535383439653962353934
62663536656435343939623532363164363539366161393630353335626639366363386538396334
64323731343132303532326433353038383930356530633835653265643566353636656161333263
36326431353337626436383963653233366434613835313861363839633136336133303633343339
38643663656561383863646632633430306433386664653537393635316330306538303936356465
62643735306333343737633530373539613238396234363066363930353136376363656334356564
30383734653366333766666638646462376162326632386139303130356335393666633739336463
32626464303239353534303861356364663662646466313661363037363632613733663332353435
61623334383862313532373964663463333830646433326534363230323361626537343161616638
63383264343139363066366566613866363765393963613137336338373634343431383030646365
36376430626265613536623339626232633638393364396331623834306236353031663137643734
326264396231333632396239363331353366
